Knapsack 



weights

[23 47 14 34 46 46  6 45  4  5 13 47 30 22 38 46 46  3  3 24 37 45  8 17
 39 40 28 34 48 23 44 21 33 19 24 28 32 44  3 12 12 13  4  9 36  7 20  4
 24 33]






[ 2 15  5  1  2 42  8 18 48 30 42  8 38 41 12 19 47 48 37 26 29 22 40 49
 16 47  3 42 46 15 18 45 13 13 47 31 21 41 35 25 33  3 20 30 29 22 44 40
 31 46]


 Total weight. =1283


Maximum weight = 0.6 of total weight 








genetic algo maximum values 

[1222.0, 1237.0, 1204.0, 1194.0]

SA optimum 

fitness values different schedule geom Arith and Exp 
[964.0, 910.0, 1070.0]


SA optimum 
fitness value with different cooling exponent 
 [0.65,0.7,0.8, 0.9, 0.95]

[1081. 1173. 1131. 1194.  994.]


mimic optimum 
maximum fitness value 

[1196. 1237. 1230. 1236. 1228. 1237.]




Neural Networks 


Test accuracy with different schedules 
arith 
[0.8947368421052632, 0.8947368421052632, 0.8947368421052632, 0.8947368421052632, 0.8947368421052632, 0.9035087719298246, 0.9035087719298246, 0.9035087719298246, 0.9035087719298246, 0.9035087719298246]

geom 
[0.8947368421052632, 0.8947368421052632, 0.8947368421052632, 0.9035087719298246, 0.9035087719298246, 0.9035087719298246, 0.9122807017543859, 0.9122807017543859, 0.9035087719298246, 0.9035087719298246]


exp 
[0.8947368421052632, 0.8947368421052632, 0.8947368421052632, 0.9035087719298246, 0.9035087719298246, 0.9035087719298246, 0.9035087719298246, 0.9035087719298246, 0.9035087719298246, 0.9035087719298246]

arith and exp are same coming 




Train and test accuracy with different restarts 


restart 0 done

train and test acc 

[0.9428571428571428, 0.9428571428571428, 0.9428571428571428, 0.9428571428571428, 0.9428571428571428, 0.9428571428571428, 0.9428571428571428, 0.9428571428571428, 0.9428571428571428, 0.9428571428571428]

[0.9473684210526315, 0.9473684210526315, 0.9473684210526315, 0.9473684210526315, 0.9473684210526315, 0.9473684210526315, 0.9473684210526315, 0.9473684210526315, 0.9473684210526315, 0.9473684210526315]

restart 2 done


[0.9406593406593406, 0.9406593406593406, 0.9406593406593406, 0.9406593406593406, 0.9406593406593406, 0.9406593406593406, 0.9406593406593406, 0.9406593406593406, 0.9406593406593406, 0.9406593406593406]

[0.9473684210526315, 0.9473684210526315, 0.9473684210526315, 0.9473684210526315, 0.9473684210526315, 0.9473684210526315, 0.9473684210526315, 0.9473684210526315, 0.9473684210526315, 0.9473684210526315]

restart 6 done

[0.9406593406593406, 0.9406593406593406, 0.9406593406593406, 0.9406593406593406, 0.9406593406593406, 0.9406593406593406, 0.9406593406593406, 0.9406593406593406, 0.9406593406593406, 0.9406593406593406]

[0.9473684210526315, 0.9473684210526315, 0.9473684210526315, 0.9473684210526315, 0.9473684210526315, 0.9473684210526315, 0.9473684210526315, 0.9473684210526315, 0.9473684210526315, 0.9473684210526315]

restart 8 done



[0.9406593406593406, 0.9406593406593406, 0.9406593406593406, 0.9406593406593406, 0.9406593406593406, 0.9406593406593406, 0.9406593406593406, 0.9406593406593406, 0.9406593406593406, 0.9406593406593406]

[0.9473684210526315, 0.9473684210526315, 0.9473684210526315, 0.9473684210526315, 0.9473684210526315, 0.9473684210526315, 0.9473684210526315, 0.9473684210526315, 0.9473684210526315, 0.9473684210526315]

restart 10 done 
[0.9406593406593406, 0.9406593406593406, 0.9406593406593406, 0.9406593406593406, 0.9406593406593406, 0.9406593406593406, 0.9406593406593406, 0.9406593406593406, 0.9406593406593406, 0.9406593406593406]
[0.9473684210526315, 0.9473684210526315, 0.9473684210526315, 0.9473684210526315, 0.9473684210526315, 0.9473684210526315, 0.9473684210526315, 0.9473684210526315, 0.9473684210526315, 0.9473684210526315]



neural network ga optimisation 

train  and test accuracy 200 0.001

[0.8563049853372434, 0.8563049853372434, 0.8563049853372434, 0.8563049853372434, 0.8563049853372434, 0.8563049853372434, 0.8563049853372434, 0.8563049853372434, 0.8563049853372434, 0.8563049853372434]
[0.8508771929824561, 0.8508771929824561, 0.8508771929824561, 0.8508771929824561, 0.8508771929824561, 0.8508771929824561, 0.8508771929824561, 0.8508771929824561, 0.8508771929824561, 0.8508771929824561]

train  and test accuracy 500 0.001

[0.9032258064516129, 0.9032258064516129, 0.9032258064516129, 0.9032258064516129, 0.9032258064516129, 0.9032258064516129, 0.9032258064516129, 0.9032258064516129, 0.9032258064516129, 0.9032258064516129]
[0.9078947368421053, 0.9078947368421053, 0.9078947368421053, 0.9078947368421053, 0.9078947368421053, 0.9078947368421053, 0.9078947368421053, 0.9078947368421053, 0.9078947368421053, 0.9078947368421053]






Continuous peaks n =100

SA different schedule
geom arith exp  
[100.0, 189.0, 189.0]


sa optimum ct 
[182. 184. 187. 176. 182.]

ga optimum ct 
[146.0, 188.0, 139.0, 144.0]

mimic ct optimum 

[130. 144. 130. 165. 126. 134.]




4peaks


time take to run 4 peaks Genetic SA RHC MIMIC
457.97971510887146 0.43596506118774414 3.659942865371704 5234.092527151108 

